          65
         264
         319
         390
         402
         451
         714
         855
         886
        1321
        1339
        1419
        1546
        1606
        1822
        1847
        1864
        2030
        2216
        2402
        2554
        2691
        2712
        2901
        3248
        3284
        3331
        3411
        3480
        3651
        3840
        3965
        4107
        4305
        4475
        4481
        4519
        4745
        4825
        4857
        4928
        5303
        5336
        5400
        5455
        5509
        5588
        5943
        6048
        6083
        6093
        6178
        6194
        6210
        6708
        6716
        6840
        6868
        7012
        7049
        7056
        7114
        7145
        7439
        7440
        7489
        7500
        7521
        7957
        8011
        8062
        8153
        8165
        8170
        8257
        8265
        8419
        8449
        8603
        8779
        8884
        9162
        9234
        9302
        9324
        9573
        9578
        9583
        9588
        9689
        9709
        9775
       10033
       10190
       10312
       10347
       10577
       10737
       10775
       10796
       10810
       10816
       11197
       11262
       11342
       11460
       11667
       11778
       11784
       11807
       11873
       11930
       12002
       12108
       12124
       12147
       12357
       12405
       12409
       12750
       12836
       13050
       13246
       13269
       13286
       13307
       13377
       13483
       13494
       13498
       13595
       13597
       13610
       13784
       13814
       13916
       14034
       14078
       14142
       14194
       14197
       14208
       14454
       14545
       14606
       14725
       14802
       14936
       15070
       15196
       15251
       15501
       15570
       15679
       15720
       15921
       16038
       16314
       16455
       16826
       16911
       16924
       16926
       17005
       17107
       17163
       17297
       17328
       17474
       17493
       17821
       17840
       17899
       17927
       17949
       18048
       18131
       18187
       18235
       18297
       18531
       18557
       19092
       19552
       19632
       19890
       19928
       19958
       20046
       20054
       20180
       20190
       20282
       20303
       20504
       20690
       20781
       20857
       20905
       20928
       21136
       21271
       21290
       21381
       21398
       21623
       21676
       21701
       21839
       21851
       22027
       22097
       22152
       22241
       22251
       22325
       22525
       22574
       22588
       22669
       22674
       22903
       22935
       22949
       23012
       23066
       23129
       23273
       23330
       23427
       23764
       23783
       23921
       23982
       24022
       24066
       24085
       24249
       24294
       24324
       24566
       24707
       24728
       25048
       25058
       25103
       25116
       25176
       25341
       25403
       25542
       25580
       25594
       25943
       26146
       26191
       26208
       26555
       26673
       26705
       26814
       26852
       26911
       26958
       27045
       27046
       27186
       27322
       27393
       27418
       27430
       27432
       27503
       27520
       27637
       27808
       27827
       27942
       28112
       28139
       28219
       28239
       28336
       28436
       28461
       28498
       28544
       29131
       29177
       29182
       29354
       29378
       29417
       29496
       29508
       29588
       29614
       29958
       30033
       30146
       30198
       30206
       30245
       30454
       30530
       30610
       30610
       30624
       30739
       30950
       31017
       31060
       31235
       31293
       31368
       31437
       31451
       31515
       31528
       31541
       31564
       31631
       31637
       31703
       31790
       31860
       31917
       32141
       32246
       32365
       32368
       32468
       32523
       32648
       32651
       32665
       32680
       32759
       33380
       33461
       33525
       33535
       33624
       33816
       33872
       33984
       34027
       34150
       34232
       34421
       34555
       34635
       34811
       34836
       34947
       35010
       35023
       35284
       35333
       35377
       35421
       35460
       35473
       35511
       35672
       35723
       35997
       36149
       36182
       36373
       37092
       37280
       37323
       37323
       37340
       37395
       37497
       37529
       37571
       37575
       37627
       37671
       37812
       37935
       38065
       38133
       38420
       38704
       38839
       38928
       39003
       39049
       39169
       39259
       39288
       39581
       39633
       39821
       39853
       39884
       40224
       40240
       40242
       40272
       40545
       40593
       40641
       40834
       40902
       40999
       41971
       42076
       42083
       42170
       42205
       42216
       42262
       42342
       42436
       42456
       42527
       42568
       42883
       42969
       43289
       43652
       43720
       43723
       43724
       43796
       43914
       43933
       44148
       44219
       44374
       44436
       44437
       44474
       44518
       44640
       44773
       44805
       44926
       44926
       45027
       45073
       45080
       45085
       45482
       45642
       45642
       45791
       45850
       45920
       45975
       46033
       46052
       46136
       46327
       46350
       46423
       46492
       46508
       46546
       46689
       46804
       46923
       46927
       47187
       47328
       47379
       47591
       47775
       47812
       47835
       48093
       48378
       48426
       48562
       48642
       48660
       48722
       48754
       49084
       49237
       49344
       49393
       49409
       49591
       49780
       50163
       50164
       50333
       50433
       50612
       50712
       50792
       51144
       51193
       51202
       51270
       51474
       51566
       51572
       51612
       51751
       51799
       51845
       51888
       51916
       51917
       51952
       52126
       52509
       52524
       52547
       52577
       52595
       52621
       52625
       52976
       53173
       53223
       53399
       53609
       53910
       53918
       53937
       53987
       53995
       54016
       54215
       54369
       54432
       54469
       54740
       54750
       54807
       54860
       54972
       55052
       55063
       55111
       55201
       55222
       55332
       55387
       55464
       55774
       55835
       55882
       56019
       56059
       56206
       56391
       56486
       56491
       56517
       56527
       56744
       56789
       56927
       56968
       57004
       57044
       57358
       57601
       57663
       57667
       57726
       57738
       58036
       58095
       58109
       58582
       58748
       58863
       58875
       58982
       59049
       59118
       59346
       59468
       59832
       60067
       60124
       60204
       60231
       60260
       60421
       60484
       60491
       60548
       60575
       60652
       60844
       61002
       61110
       61122
       61153
       61253
       61279
       61306
       61364
       61395
       61442
       61452
       61623
       61827
       62015
       62084
       62482
       62534
       62734
       63008
       63033
       63071
       63090
       63295
       63361
       63397
       63565
       63594
       63620
       63824
       63984
       64093
       64155
       64256
       64268
       64322
       64377
       64434
       64448
       64516
       64546
       64639
       64957
       65027
       65037
       65073
       65196
       65969
       65975
       66002
       66233
       66294
       66355
       66383
       66385
       66414
       66633
       67071
       67123
       67207
       67527
       67538
       67564
       67811
       67900
       67901
       67946
       68145
       68185
       68419
       68525
       68536
       68640
       68662
       68701
       69067
       69110
       69239
       69279
       69313
       69556
       69859
       69876
       69900
       69955
       70080
       70145
       70161
       70246
       70258
       70321
       70403
       70428
       70824
       70859
       70958
       70995
       71035
       71139
       71189
       71373
       71381
       71414
       71451
       71681
       71856
       71888
       71894
       71913
       71981
       72078
       72095
       72105
       72138
       72229
       72457
       72576
       72593
       72736
       72738
       72752
       72835
       72998
       73011
       73058
       73226
       73302
       73488
       73500
       73613
       73819
       73860
       73940
       73962
       74105
       74185
       74288
       74327
       74368
       74482
       74587
       74810
       74873
       74956
       75246
       75249
       75266
       75331
       75404
       75652
       75659
       75704
       76374
       76455
       76487
       76629
       76644
       76682
       76693
       76702
       76826
       76842
       76875
       76951
       77082
       77279
       77329
       77478
       77480
       77721
       77724
       77845
       77848
       77902
       77921
       78437
       78465
       78487
       78558
       78827
       78882
       78945
       79237
       79410
       79419
       79674
       79772
       79875
       79892
       79948
       79979
       80178
       80304
       80401
       80499
       80521
       80759
       80865
       80879
       80984
       80991
       81115
       81243
       81245
       81372
       81564
       81632
       81643
       81740
       81842
       82125
       82179
       82258
       82519
       82533
       82654
       82666
       82761
       82821
       82838
       82887
       83263
       83459
       83487
       83680
       83742
       83823
       83972
       83996
       84012
       84031
       84042
       84198
       84310
       84458
       84509
       84712
       84802
       84896
       84908
       84917
       84967
       85075
       85148
       85235
       85265
       85279
       85348
       85403
       85521
       85556
       85582
       85724
       85863
       86008
       86044
       86075
       86082
       86204
       86243
       86602
       86639
       86695
       86981
       87028
       87044
       87182
       87200
       87215
       87638
       87718
       87754
       87760
       87944
       88083
       88204
       88208
       88251
       88295
       88299
       88323
       88358
       88370
       88485
       88515
       88571
       88768
       88790
       88837
       88838
       88867
       89129
       89183
       89221
       89232
       89665
       89715
       90188
       90241
       90263
       90276
       90295
       90393
       90431
       90446
       90765
       90803
       90864
       91024
       91107
       91168
       91251
       91321
       91369
       91384
       91442
       91656
       91726
       91744
       91883
       91922
       92010
       92084
       92100
       92127
       92193
       92245
       92299
       92350
       92454
       92589
       92809
       92881
       92940
       93004
       93024
       93072
       93126
       93226
       93268
       93383
       93402
       93490
       93503
       93629
       93685
       93847
       93939
       94078
       94324
       94379
       94458
       94576
       94708
       94764
       94799
       94804
       94895
       94900
       95246
       95254
       95448
       95573
       95578
       95632
       95727
       95737
       95750
       95753
       95776
       95852
       95888
       96120
       96201
       96252
       96289
       96382
       96663
       96801
       96864
       96877
       96971
       97048
       97295
       97528
       97587
       97604
       97747
       97821
       97934
       98128
       98537
       98762
       98765
       98780
       98961
       99064
       99284
       99471
       99584
       99717
       99718
       99811
       99921
       99947
