66202
36670
79403
51776
57169
15320
97480
47728
97348
97776
19606
75284
50072
4561
94535
4994
98972
10536
1372
34251
50605
4923
31783
24615
18053
24359
95807
16867
41476
13771
50644
37906
304
95820
75452
50595
76902
41653
48845
57210
15267
92347
48887
45334
36227
7024
40833
14173
27550
71138
43647
81328
90934
66213
69988
94312
81487
12704
9558
32486
44661
57508
9578
12035
82023
61830
35688
9958
90768
27778
49593
8268
49009
38178
16945
9439
70588
50456
51231
40885
85493
52112
51600
56627
30116
37289
15547
99413
81455
78509
26403
40153
44445
66790
76564
11254
37150
38181
62449
74880
56844
31366
88483
28720
58150
22136
71405
31939
66032
60397
45279
42694
31901
41110
94630
38594
26903
3253
1031
70325
26167
18179
83658
78329
2634
33927
79156
85361
53117
17112
37918
66638
20874
80785
27793
88284
65478
24213
63193
8297
16157
69968
70362
24623
35570
64691
8674
93693
46778
62986
92216
39819
55653
35126
47488
83894
42327
70531
13791
8318
16277
99413
84353
49331
64141
48059
52964
10534
12112
21273
66187
56687
1533
55688
40493
4682
41871
56635
62495
43099
1019
23026
55354
36810
47405
41817
44611
46682
69307
2620
15380
9558
74340
31685
21890
30222
73411
22035
96717
87887
49744
10325
7516
1730
13373
58669
6614
28212
34638
66581
90043
84880
15852
1091
17203
92588
90030
88104
74561
83398
83745
51874
32475
1672
83853
34870
18043
92404
51612
60596
71975
20771
59253
45380
14496
9716
61630
11953
93204
40261
45102
52745
60320
9396
2888
22523
37490
62985
11106
24846
71714
65996
48303
58877
71403
56733
20152
22630
64646
96546
3957
75231
4097
74128
20600
49391
89517
47476
83484
83256
37940
89665
86245
91728
31002
12951
9772
40313
47594
4352
73326
32213
93487
17406
97272
52311
52563
9038
49382
38938
65174
58286
30892
93992
11231
86732
93912
92039
79373
81162
88657
96156
61021
79319
99899
91646
15327
80804
75918
12818
67136
70817
48768
8022
1287
7620
54838
55717
77588
20817
55341
49148
45667
38926
8206
71941
51352
85727
7450
31355
27073
31337
48000
33776
1773
51710
49465
48392
67529
60768
3311
14640
11158
74467
49050
74611
57094
92655
60037
21339
15565
31768
76376
89064
38009
68268
35061
6494
43975
13438
15164
40674
35599
85529
1559
52857
82177
47447
44762
31547
95323
12761
49818
44783
18052
71849
72680
77094
38892
47053
35517
21538
66794
79869
55467
24336
96897
23433
20757
18784
10797
90700
13609
14490
72046
34082
32947
64685
18508
8400
99949
98293
79759
37505
78582
33657
63570
5092
99747
10416
26507
63372
9269
71427
32862
18503
68225
16363
35804
98054
39326
96230
26750
82472
87450
72464
30268
41841
74260
87334
50088
74499
52810
54618
80349
10323
74509
4386
73061
38654
35567
83859
99115
41385
82989
57000
37356
46971
32971
32384
97115
37416
16591
21541
40555
183
35747
8939
70492
35388
58371
50633
54847
24965
53726
5619
18719
43625
48953
97930
45491
25066
35293
40646
82998
65116
4785
44648
99590
33764
56453
78612
95566
95649
43914
30810
50418
74169
67329
19460
67127
24136
53353
43242
20899
93729
62724
85033
9406
55968
62446
10604
80254
14496
49170
32249
58517
70609
23843
33823
18988
38388
88907
75019
27467
34125
50200
18057
52935
78449
22544
64584
73240
28171
19073
97096
55702
47257
58495
37514
8294
45294
45015
5631
30169
88093
44046
12478
61416
95947
94222
65640
85035
70661
86845
2384
63511
58343
30849
18373
11018
66965
86225
86826
66451
33345
28714
68552
65189
59320
42191
39407
61042
56587
97687
7196
24203
73427
52560
8414
97153
26115
34366
10504
46543
42126
42926
34027
53838
85369
91853
71574
28968
10207
78586
77412
82113
68440
60080
21552
35766
40726
43664
85559
26924
98121
65383
2894
343
40635
50938
77041
87911
77128
6156
36190
27844
16761
19168
25611
70227
42988
66834
50160
33032
65260
41354
47731
91263
18502
99378
65118
76138
60005
86337
78537
11644
97957
12871
85938
95710
1195
25782
70307
69947
67122
51105
35955
67693
33692
36016
76622
33035
72662
40215
37575
79857
36735
31648
86438
98855
90973
52021
80954
38321
99038
74260
61624
72943
90741
36005
83770
14517
54166
11556
68701
2532
58195
53585
35363
86965
76809
20212
12223
99295
62531
25392
80612
27939
32993
53766
81054
20267
31068
7227
9142
9726
58291
69707
22543
46238
30305
90873
36428
39348
38815
23468
37603
70431
18732
65601
54188
86991
91445
45339
60080
40600
52618
21186
84593
50088
48175
64569
60148
94088
62218
60451
7453
72427
64616
39361
78464
38797
61657
21925
9505
31813
59685
16368
48008
72582
86211
1963
38826
31136
89773
14579
40302
81570
5322
65455
24302
33725
44543
28118
32286
79100
59667
42563
87230
35872
75795
24878
89816
93729
32215
14464
83055
63908
40149
75869
93024
79771
80975
42855
10524
67537
37560
48021
77471
81943
40924
22042
9913
52862
80549
33250
92882
34060
71432
51008
20534
60846
63798
80461
78524
69015
67554
87327
42085
14963
98275
5487
2415
45799
15191
84451
57043
50728
55486
52142
64209
41161
97795
79444
1768
74476
33540
14705
47304
55614
19511
77421
55084
34547
87167
62743
37806
84089
11536
75958
29646
38810
50115
12336
86136
72245
98675
76044
68658
71827
83622
34291
3235
36299
30182
98051
32416
64711
50349
93846
74781
19330
50789
28373
82364
97500
74300
73529
18423
49216
32382
35585
69880
2782
74452
63529
65866
75687
73867
11626
62852
28419
45326
48828
38801
84532
35558
9320
88043
24574
56044
83770
94543
13209
48620
50333
90359
26701
43672
7274
13491
55824
82528
42953
91748
37993
29974
91050
21113
61961
71162
6300
15820
36129
57831
83747
84054
90702
22204
10102
30576
74826
59384
41652
18112
37746
942
20790
51510
60542
40476
62371
98066
52643
65722
14889
67892
72892
2053
75079
37109
72584
78937
19232
90603
62222
14375
35330
46910
72851
52630
11211
68864
54164
46612
60282
47349
58053
27888
41741
8641
18223
93208
93393
75950
12299
82488
24878
58440
89663
57689
38481
90058
65478
49326
933
9437
79501
32667
26190
28710
69590
3994
21366
95442
88403
6543
84718
35689
27742
11848
9498
4235
22944
18700
14765
82199
16304
40481
20891
17991
72948
98180
60489
44252
76984
63252
62636
37853
85247
14540
89639
1587
14835
55575
79684
50321
78159
55045
84236
19695
77538
26065
96
61154
37070
57273
95419
72909
14884
19945
83469
25986
7236
927
6452
54499
88439
55457
63639
7320
55929
22538
14160
24347
26681
83364
99879
28898
97147
44876
83846
7134
80612
82507
17322
34426
36489
49271
52854
3629
23447
48628
17864
9105
61928
44776
28394
48650
81083
83838
8379
76537
83627
76583
25814
65404
7902
38433
53531
12258
66836
29188
58992
2888
83472
68622
76837
73292
36072
11923
31067
52978
57038
87478
47022
28093
78429
82601
86916
48546
33571
92637
81766
35083
88814
64186
83402
40531
88516
19492
91375
46669
9750
87940
40020
81133
361
80212
83500
48308
97294
55617
49748
6589
37466
40735
49520
21074
97876
5574
56630
99497
87989
43581
58246
68498
49911
67236
10107
77346
52007
3432
23692
17348
22089
20192
92218
25620
90800
46582
88795
38850
11549
60564
64995
91733
72445
42770
94769
43572
8123
96603
23196
78158
12751
76436
93496
59954
94476
35223
68604
82919
11605
28265
81309
96869
26362
495
88159
44141
56211
86253
72758
16327
38771
16154
31764
23537
30489
56395
44621
99118
93492
63363
19212
89401
9459
74916
53783
55479
36541
76338
13373
89811
73523
57262
11718
56000
41515
19897
39542
94992
99075
65674
49905
90563
84901
41945
50773
13424
11521
5101
91309
89383
86909
11619
152
14339
23587
98851
30869
87256
34259
43518
5869
45788
13424
70526
25113
80705
76739
61810
78061
37580
99220
71220
13833
26611
54079
32748
14984
45530
68446
42519
37957
606
78276
39619
39370
60847
5098
34180
63044
58246
26468
21462
86557
78953
99579
16707
57732
13358
59884
37491
82783
92697
68034
24100
54506
70065
68467
97717
40393
40080
80484
70884
95558
38304
35854
2377
95454
36767
41444
46614
22229
75419
34991
54209
63895
88278
80206
59177
94435
27157
12805
81325
66919
8993
32596
15729
59196
20849
1173
51984
77997
83024
95803
61293
94720
2882
95080
54392
22456
19863
81187
48970
6881
24237
94721
92076
53437
11726
62828
39915
4692
35741
50448
48612
42381
38003
35873
96588
65673
69561
79590
88277
66964
45845
80382
68173
51732
87161
36465
28877
2016
88354
92064
91053
7307
66090
92492
56569
38067
98577
35920
94761
41990
7710
7108
26446
79954
62341
104
7507
36065
42713
25060
31856
73636
77750
6471
12892
82757
48014
59575
44609
54249
24311
28782
87936
59374
96140
16728
56582
27525
80515
62544
27266
79797
67519
15169
60874
58259
69851
41036
62567
36678
49218
587
41613
67509
37386
30839
11508
81872
11533
5909
40518
3226
3685
80617
97866
78009
76907
17089
95555
86202
32311
41521
8108
99439
7695
60520
85381
863
70475
38
9116
14003
73310
31477
29816
71805
89033
76829
71534
94233
11252
28930
33262
16462
95211
8020
81404
61624
14768
2784
81660
42676
42081
5886
80909
87506
47805
48586
19479
70652
79899
91076
20524
24484
19516
46261
32739
54669
80997
23337
42602
21479
82225
32047
18214
63755
11942
62473
7703
54053
79376
26936
98560
60050
61169
80104
92379
24977
15015
21338
18040
78042
58202
3391
73267
72937
17768
7740
68162
88934
68191
49122
29971
12988
12162
60846
69869
7840
83492
33250
13606
82788
15779
60165
40256
3652
96465
86046
40458
13059
83273
61465
13909
68991
84354
45533
63719
19575
91428
68228
76466
93970
75512
7360
73951
22099
14313
49077
46048
74588
96572
81954
36340
69267
37621
77871
5765
88329
86139
85787
5262
31895
71421
57003
93046
32823
46375
78171
4627
25760
42006
40038
95803
70911
46104
61150
44377
68895
15139
90862
36938
58688
39513
15973
65940
28620
90955
26106
23446
95258
87700
10433
51344
41781
6813
59966
15615
80467
53856
79920
79541
59891
21722
18881
64384
87613
54829
61211
71435
13278
63071
5524
71046
32399
83327
8572
52066
36622
15433
74387
9803
87905
31574
79369
85156
88892
30241
15695
18901
35691
5442
56459
97274
30303
5524
3903
95870
84440
96316
24078
87938
66395
14464
77219
42732
51508
88638
62046
22759
59809
9823
15573
20993
75242
15137
2463
60656
5858
81520
39599
51034
24125
92790
23772
44746
61093
91525
47555
5537
22443
76918
19746
21159
73568
59437
2835
45874
29308
71304
5211
9425
47457
9685
73295
50416
34936
6395
75347
1548
51687
77997
15203
40835
38228
72552
72811
90739
78407
25793
88166
14756
24542
83514
71046
31175
99874
51922
11408
79156
54442
3966
28989
31324
19251
43892
26937
88809
12727
87523
43326
61068
79934
85707
29792
46827
16099
50260
35601
11400
62928
9510
71325
62259
89731
34815
43891
7203
79779
10317
93352
67164
4294
40400
74021
47831
75486
13457
42783
52284
32482
23642
79160
76070
80502
42704
55958
22162
81283
58021
99693
11481
74153
35469
34737
91422
43157
79299
40452
71872
6702
58129
62066
7477
48966
66087
24539
21836
15622
40447
58509
90328
55980
57113
61778
90667
75485
82284
9141
45380
90753
66380
2631
44139
74689
86100
52687
5894
99046
26010
67617
59567
32320
71167
7798
52186
43917
84697
59270
47252
23338
57325
9064
32976
26652
39720
12285
97758
4913
51090
59852
41095
93954
92098
5195
39158
4483
60202
67940
11135
61560
39742
48500
87040
51753
79595
66863
16588
12617
73061
45245
21376
40035
17975
23655
68274
41003
67094
31093
73937
87436
89847
60926
53534
36109
16877
75185
89587
51754
53986
30935
62928
17477
88983
68889
67840
97654
238
42211
41710
8997
72628
39181
80259
13612
9868
26288
46484
59184
60338
3730
54770
66146
24457
65032
35732
84062
81239
75235
50972
90942
30314
46499
87384
26178
93323
99624
34658
24156
53765
43484
43592
90189
55386
82951
23865
57991
80346
5649
81875
42461
56807
42832
59948
27702
49799
51467
71124
73656
33457
65879
2476
56402
56101
52684
42125
46642
40567
25530
61471
53685
70332
86169
95891
1327
17705
16845
67966
85948
6035
83632
76366
75309
73951
77364
67543
68093
44717
72818
89839
6443
59361
30454
38260
92451
714
13617
59074
81930
28431
16023
96341
46095
43504
71739
88166
67112
68136
82434
46027
46862
29363
60353
68317
75781
75101
27103
93673
84550
18085
22728
21109
67606
29661
64710
29046
39851
77525
34283
3438
72149
82061
91862
13011
41243
89797
78262
20592
61213
33973
23339
93958
97727
88666
66534
62824
66388
89104
7673
26324
69519
40873
31434
80525
97278
61806
14000
45690
59642
4823
14644
16225
36083
25971
4950
20208
61501
4251
30465
80002
4472
6390
98891
74238
37175
3218
53375
79035
97353
59017
24419
23989
78947
43272
75426
42971
35564
11170
69351
36030
24596
13627
32397
98100
59186
93777
57837
58992
63632
37583
40493
72878
33334
31501
96619
20706
32110
54891
98549
85766
1869
70595
84959
40434
95942
31395
99663
20349
28813
8819
50144
64720
42560
20876
50746
44732
96482
29885
29726
78378
75644
70628
70357
44843
31674
20738
96438
17923
4691
11845
37271
11338
10470
99515
47283
6885
34591
24166
14883
1382
99606
54239
29048
31429
23271
79725
9479
99720
65391
67966
6952
23745
15287
43423
14989
98992
35100
69332
16975
70049
5992
25854
81243
2325
82530
58566
53102
15253
2350
16677
6277
17009
32806
99808
77554
11388
66171
15554
26939
59911
50191
29849
84856
32078
27733
46411
94041
14745
87512
37420
96639
42590
63760
98353
71096
14038
57546
45253
67757
74626
34221
8932
62015
49246
89339
5874
62195
11017
58482
40984
62943
75789
50102
23937
35964
22956
52739
18138
4575
87021
59104
96927
247
81739
29460
67145
6154
27729
34770
53090
87552
31431
78743
23174
14074
12952
50826
62015
54778
43383
89836
89364
18508
48041
6854
82771
18970
86546
87494
79479
81881
9440
99283
86718
8908
35416
98151
57170
78248
38789
72204
67855
34191
38277
94001
1687
57602
47228
88619
69836
54269
85771
45145
87178
6815
72331
77528
5913
32391
29318
70664
38718
30754
65015
87626
18584
22125
86509
82020
71808
94064
65221
91435
12982
68885
11833
49628
32396
3075
22221
61239
99074
39226
47388
68979
8917
95203
53255
73742
75619
72149
1075
71749
83498
74472
76772
89138
81423
93129
29943
84685
80109
77293
87656
61680
68092
49253
36522
79954
6491
66251
8585
28699
96898
38180
25909
64714
79562
33336
94922
36406
10795
1353
29918
71923
68556
93075
18937
76597
72324
93063
57197
87916
87956
53956
32621
74326
58511
1892
76928
85271
38464
68254
59135
27919
89772
1677
80697
70087
4836
4442
46768
65277
22095
42816
96647
31569
91224
48926
74126
65004
17681
99733
53533
27339
81315
79840
65103
14132
14854
42001
16238
95974
7303
86645
37309
5258
64157
95555
82701
91054
69311
22679
22413
50617
25856
45807
12266
94666
5913
82399
65163
84711
99276
15308
81564
37102
67835
90549
17868
5134
90798
57210
82415
95981
39020
3551
13079
67546
29953
3551
60845
87675
38412
21917
3392
18513
29261
85500
40148
76670
27392
7821
50933
99216
84873
79247
20048
35570
94668
62029
66124
54816
93622
20735
51251
52565
96676
3617
95565
98838
65563
56896
6217
65360
29266
35075
65145
76761
79627
97258
73306
24296
2730
60609
38054
91282
36708
36627
50836
25978
79410
61647
91358
55942
23587
89075
59380
44071
96550
80750
41
64021
84778
73141
61018
69822
91151
81705
44535
12404
93491
84365
54862
24506
31989
16746
3512
97603
81970
92235
74720
40021
25185
82995
92953
14110
45640
20864
96229
93692
77948
83432
55523
22887
76894
55653
36455
3005
4597
41600
25460
5652
83845
16775
18427
88908
36889
31888
81266
29017
79692
75880
73911
64248
71562
26533
20302
40720
76245
59859
24729
95768
86289
76435
61738
6305
14625
73573
74984
68853
97120
60058
99665
45118
19530
71820
56466
10377
87119
69866
2733
34095
2293
14759
44887
3930
97261
71986
70526
91096
11465
54633
91621
60932
85138
53014
64958
86411
8049
48758
64020
58828
44457
32043
40747
87611
19085
82749
96820
98607
7085
70853
1939
43755
57042
98622
58648
50596
88581
86850
64286
261
40554
381
53878
53014
22291
63562
14520
74968
86885
86441
7610
69334
14208
77516
98395
22019
4616
35794
30404
61690
40531
55114
91007
52669
28179
87476
26169
45583
96982
75475
39443
72451
8333
55524
96527
13779
37651
68283
93777
69363
59439
26275
35273
27227
42839
31137
52134
27540
35157
72010
55904
81167
59762
23755
33250
18915
94535
81004
39728
88116
71154
75296
36737
1112
93468
85296
91693
20706
52732
29616
94115
99047
51252
8002
45638
89743
38813
21347
21491
84244
85955
81005
67932
96422
8430
75961
42849
65836
74247
34702
87870
56529
37044
32685
27718
82637
53363
27979
38992
23555
13876
6500
14396
32394
26108
3446
26779
42678
95088
40398
11677
75424
61678
35122
38504
99224
68619
12016
71075
74650
47966
78230
86813
63131
82578
79476
76212
57602
90558
42111
45533
23937
88794
17694
43966
65867
52578
13501
9332
77846
5934
39547
35581
29644
17155
26640
33602
82283
52961
20230
17614
3145
1873
29020
50742
37119
81678
20508
89620
67369
96077
8119
51912
56027
22664
36318
56110
96403
64496
60217
67469
954
97287
7773
24315
56099
69576
76239
53133
63899
5188
33403
18077
34802
43457
87890
48500
68484
56441
73320
80143
92821
65633
55075
33713
92496
53120
63459
9045
768
11546
67608
41417
28435
79405
30406
68453
99008
69828
4094
62189
56559
95072
74106
12026
39961
55137
69985
24064
97290
36494
66802
79865
14686
13082
99411
63740
85930
29526
9657
34229
89593
77985
56922
5447
49012
63252
809
29288
35740
52648
38812
72525
75905
59717
35728
56774
30074
89176
54738
78565
31199
5061
6725
55272
30313
7957
80611
95261
32069
87672
11787
9286
20077
84582
29127
75492
42662
77546
75590
1449
63326
63675
18554
10757
57119
99084
91428
39539
84247
8724
71469
41415
66289
56266
12843
45807
45708
48485
97041
7823
66178
20876
26921
38469
9839
93414
14120
95840
11286
52741
25153
40945
46157
80555
90628
5296
45936
98314
17467
53225
90472
412
71008
18219
17779
61066
46700
8622
67551
15487
59279
19579
73706
77164
31696
6348
80809
95410
42056
8554
38643
22584
18573
10577
88188
71278
77479
38885
47233
84936
25285
95456
77505
74782
49916
10226
6710
44808
72961
18161
21410
87858
47292
82939
17496
94604
79047
18703
58114
53008
56956
33473
27874
26396
1535
27428
11743
52899
21896
15787
86181
90922
99257
58302
33372
99547
64688
90254
63078
23883
74908
84642
2511
83193
94202
30826
89320
47323
62066
6231
56377
73029
93922
58876
52138
36863
23925
55246
71937
24924
66136
58100
25364
68572
86242
84748
74628
82469
70231
7735
68842
25383
8145
73110
6829
23203
58602
86317
75303
82169
75894
6361
52548
40551
91854
76522
84449
570
46707
35169
58494
68462
55489
65837
63699
83858
20130
86742
65186
54686
4552
7715
33964
51984
44028
90116
3450
56203
98110
29641
14108
74702
90579
45299
5273
90607
62097
46014
53048
31456
10934
981
55934
16033
56517
27613
66758
19476
57554
24937
25875
51650
20213
71224
12999
95782
58041
62419
5677
58441
18846
53508
84218
97959
64913
11691
30838
45377
83193
71952
558
49376
25791
83130
26471
99834
44594
86102
20511
68936
65709
6839
33708
19911
56391
54533
33828
50820
72944
87844
71781
20392
33380
61096
95813
54636
33303
21203
51180
48579
46048
20260
1693
70316
72508
56524
23423
61588
79791
4621
88079
89937
56484
33745
87611
31811
38838
15811
67917
35277
69020
34064
54015
20661
34225
88506
26799
75022
14762
8907
65181
56274
39216
46430
54910
67057
36255
74451
79514
73580
74844
49890
56040
38329
75649
10440
27157
92380
86822
96746
68177
22696
23671
48363
62753
18663
50910
85010
54351
11902
76945
3628
10913
99057
68905
39530
19151
46995
89671
64481
79946
59893
35240
45809
43737
90426
7567
53773
13480
934
71932
64046
88110
14104
23045
52031
21087
48905
5277
52714
98930
73656
39077
15174
22397
21069
86825
40015
14150
82529
9330
91489
25761
73869
41213
61898
8933
24710
53398
63218
72355
95031
82729
26515
41352
26299
10085
58505
43132
343
14627
88613
89961
91109
13076
81065
60042
83446
58996
28648
89174
93353
77473
4717
6743
22521
22831
15532
97625
44909
53480
45943
12903
56321
84769
11522
17857
59932
25486
61504
67333
28244
36759
41986
91684
83636
21626
21749
3448
69378
48747
73012
11690
99800
88440
36878
27698
97292
49819
75492
14827
90994
75199
58464
90899
11827
83860
40421
42274
91055
33809
8953
36613
6878
38582
63927
96873
35111
28039
1160
74772
19052
76605
90039
89079
22769
54966
20265
954
23290
83022
10039
83080
8469
93133
93975
86780
33262
28691
21975
22321
15029
30267
11717
58107
48095
66510
40714
94415
71303
17907
23319
66403
96588
51244
65969
76017
18963
35325
72990
7699
92497
50123
40079
12118
52736
29556
42824
45464
115
57450
2900
5617
87346
8316
32186
33108
51878
83951
36811
5645
39889
32998
89537
47801
52399
40843
85247
65467
77881
96753
83011
62612
98280
7957
44341
70937
79472
23015
9685
2307
50504
23807
69717
50504
1252
78732
57220
64436
42093
65828
44883
55099
79589
11078
47291
12957
28973
48384
73351
6528
82069
72137
33703
94406
59429
13300
73384
24514
10092
41454
5168
81079
32
84933
84006
87307
78838
17829
64616
66505
48407
24378
48985
32687
50502
67854
63512
74436
63208
18222
174
38759
92498
88343
14445
61600
82712
9575
20965
98372
66497
1084
64330
39237
71733
22411
63581
92979
68031
96760
20699
98109
52428
66605
68250
21428
58572
24132
37520
93501
67428
61048
555
38772
64437
73060
97910
31996
48439
62945
95261
92977
24425
97242
81316
41066
58908
54025
80233
74968
55099
74133
93501
1697
78521
94394
35083
53270
49482
99968
79866
95556
38606
14329
46389
73976
46955
462
64817
28039
97038
65005
17706
29021
23073
28269
12772
40626
22685
56353
35904
39030
14057
13773
30662
15285
54227
79694
50231
50201
51430
7914
62545
6065
68494
69599
78556
10620
24636
83407
96761
16392
4457
26787
24621
16075
68172
83857
41477
83905
33365
17190
60105
90779
66435
5430
82672
5209
44165
13122
57356
83694
45789
57468
2163
60524
58271
32294
85693
81525
88840
78424
93853
34450
54928
45053
61314
44398
70672
55140
57848
2655
64083
67413
26438
3239
29560
92708
57456
24922
3535
24554
14440
82639
96594
91002
26574
73764
70103
87207
41410
37443
17443
65412
66447
7257
38312
38841
40575
83279
66160
37413
70009
13258
55828
10608
45346
48356
79657
75336
67614
26976
88912
24747
40246
21063
22007
24495
24181
80084
63149
91961
3462
52545
81161
9063
43325
57888
89025
3504
31115
98761
23317
61946
6973
99964
71047
8376
88593
55662
46040
10441
19191
86442
49430
50529
20787
99472
10145
32345
61240
50366
31193
48935
13361
30852
4848
28636
63523
497
28049
55059
37596
17547
6597
44592
53975
20569
79512
64136
61934
64321
53470
19562
22253
7288
42838
16250
87029
63204
64562
84434
33600
44905
7343
22071
47751
74846
63964
22872
71903
41767
75967
58719
46322
3478
46379
40893
21602
29844
80713
17630
41860
43863
80721
75707
60909
10381
81497
59889
68650
11807
97960
36359
28608
14810
82354
64955
72652
35997
70404
83471
44304
21173
76655
55107
98024
83837
31167
73542
70217
8412
32983
23065
55908
51452
68106
1365
28232
52061
10199
46658
69102
64620
31761
13986
24070
22304
37930
80898
89989
33278
77234
19572
77464
19155
56131
42154
4682
39296
38190
21423
95452
95607
15248
76991
86158
57492
5336
94199
38831
81564
69514
55145
12960
94602
73519
33416
37032
31877
53971
90985
54345
46503
93710
59135
81246
18958
97592
69234
67396
27411
31471
71512
5627
11750
95387
39833
3733
32289
69439
96252
65541
59245
46215
31839
49063
11480
78250
84994
37395
26422
95284
65692
94710
15159
35453
33802
8144
79121
92492
26469
6694
35836
47170
93414
5580
91126
150
72453
92892
60066
1050
70431
78510
90982
15187
15438
8485
64642
66261
96980
88737
16285
80929
60189
92360
671
14792
4968
43207
82913
37941
47314
26865
3976
95339
13578
62864
49012
10745
28787
51795
71149
398
95609
78733
64801
34094
7829
75111
84994
96049
2969
50250
43254
30727
34947
42107
84029
8462
40004
54946
93557
77727
19865
38181
21666
78405
62265
31809
67572
95704
17129
22879
37063
12491
47988
46431
8011
47637
52167
55553
18977
85394
7977
85694
38683
26042
42958
41446
46130
15254
18876
81261
92226
6515
29080
89623
79946
99025
68329
5818
89863
47197
51557
58054
24242
65177
91029
93035
56408
15131
23361
78327
26955
76288
37002
32960
73671
30978
26215
38832
40507
23563
78122
68870
77726
8098
17149
42954
80100
31344
78692
57175
61518
69665
83819
31980
25442
59851
5169
29667
3339
58863
35331
7961
64616
69268
72183
79337
41660
9931
69961
32762
20453
46529
60317
96502
49485
77112
11883
32620
50038
82950
29103
57702
94941
89770
11977
9034
5171
85449
20411
47302
55565
59642
87003
18690
5851
4653
50172
14084
58393
92573
11289
95037
41027
10741
17280
37920
11504
40810
86789
33195
16824
44302
88267
58437
63576
73885
83129
92213
10009
1297
15299
59194
33339
6909
81901
89743
76740
85887
94647
72153
87602
80083
9551
62087
67628
1655
5853
9918
38168
81074
37620
49831
4639
42449
33463
63344
67000
97188
11305
83305
78795
5319
52152
87195
31664
9524
77784
34093
70586
7675
21784
50430
33872
17316
40221
30188
57889
26011
4679
97209
31661
1923
54194
25814
3425
56062
243
78170
38326
32826
9675
16878
955
63939
39050
85954
94175
13554
29866
85839
68627
7827
42843
26394
39559
39223
31311
93820
47348
33970
53887
83621
32681
1799
36861
23361
20194
77884
43382
97287
49779
30075
31354
26569
37999
55649
78621
24335
66983
16625
31813
65070
59460
46480
55123
1863
50845
58323
54853
11507
34040
67736
99513
25944
38986
41057
92014
92127
59470
72954
29393
39549
34629
78016
47470
47103
82062
78552
82898
11585
33438
23057
61935
74233
83724
19886
1962
16780
952
383
14666
14701
66155
8420
95696
2527
49597
62717
46930
43034
21624
6808
48921
26887
39343
6709
26421
35646
57589
48609
39873
59400
18978
96669
61667
45841
37020
56521
16940
10002
71067
28767
87207
59715
48446
22836
9233
35127
21750
7412
79932
7102
41197
63440
23034
9902
8667
93838
78648
34571
95421
77500
12160
60961
87520
25885
17966
65501
4866
15541
2037
92765
95871
21332
20288
52858
18642
91485
5866
49478
8617
81250
55758
13231
34277
40697
70287
1164
78499
30291
964
74930
53317
74851
60006
41662
39219
34198
16912
8616
58876
81553
63240
45900
40403
54379
6246
30366
4497
16453
10154
83533
17193
77962
94416
38875
65504
47174
95320
69422
98407
8679
58599
26413
41866
23147
81306
72263
41349
59650
3057
61582
15236
61853
69270
47154
43554
35788
90680
13513
69824
34553
4202
41936
3302
35827
47044
62505
61051
11311
48522
63190
15090
88853
33100
52180
39573
29197
65370
10386
74648
9780
14816
90011
31843
47065
31021
1567
28847
80800
7870
18821
15949
65964
14870
22308
47961
57966
16130
26085
56885
80139
4291
86524
99414
94528
76876
18557
69672
13306
17785
22362
36366
72904
76852
91623
46803
74800
96360
34301
78875
50454
44152
56491
73633
49567
63150
44401
96612
33115
27709
50749
32835
69644
65699
52248
54275
6606
70743
38316
58081
59490
76767
82074
17972
67380
46308
40735
8468
75015
30782
81656
67064
61837
86294
19782
3176
82240
97436
80190
69997
6193
62925
63994
21268
49265
57525
48493
31154
65778
32769
83352
55678
22682
42804
78319
10972
63372
86819
21552
74482
18403
45666
47331
28322
96790
72862
82758
27533
81061
9374
46687
52916
7934
58713
54079
49033
78399
93220
39580
7083
92182
96274
36792
94538
52020
27925
56763
8059
22174
58688
73114
64064
17960
20556
51730
72027
68822
52238
66107
26309
78408
12014
14696
18173
82031
9658
26983
35861
86209
16876
49393
86130
12818
8201
80781
18575
71580
41173
61672
22022
32793
97161
97538
83136
20026
78784
49562
52567
53155
50205
24197
51083
92574
6841
77508
26129
83704
3547
52184
25722
83560
46540
56429
73244
17386
39254
12428
20379
70287
56657
92055
98548
33837
46456
80224
14719
7636
57722
63023
91462
69052
14193
9921
72515
30271
99731
47185
90010
36688
39885
11938
97393
8088
43346
93687
55682
11020
59720
33969
64288
53174
92740
98955
39600
13372
2859
36005
5517
8416
77955
98600
91752
86764
7408
19495
44730
64139
58061
71582
64485
30486
26438
54775
15991
73205
13613
95550
48528
99747
57709
59416
45254
43231
93152
53076
69398
73845
1401
90036
69712
14405
20145
63810
41224
29322
32841
5528
17599
96836
96375
45420
46825
79358
68087
26266
67396
45493
178
58168
1841
25921
87824
21894
75686
21411
71322
31998
37875
47009
68664
28843
88664
9025
75559
98186
94704
31415
86220
48562
45481
39123
79605
53117
90406
77031
68514
3717
24786
78533
83301
22812
79981
84612
17098
28182
94550
35208
30447
61598
49092
71474
97253
31781
5717
60939
71916
91929
62143
21860
85691
4986
74536
89450
27350
14587
18417
65062
9690
88572
97805
42815
24440
23559
45320
9520
6651
83912
88127
78868
83830
527
58799
48538
19274
50412
82950
7685
23965
98322
44461
15943
77472
46605
34378
27637
19284
39013
20011
63930
32860
83787
16887
17425
73964
80801
54279
78973
25069
38433
742
87361
21074
94493
88748
94724
67546
3207
72822
12135
52361
9775
54341
69229
60343
83357
10270
21417
23223
17699
62626
54620
95050
45740
65047
39944
10627
68768
13732
36826
68008
10459
7999
36574
37759
92782
28026
90047
38048
64249
92806
64828
68025
3270
60112
73178
89936
11111
51714
31498
54972
33477
67
83803
78396
65681
17120
45840
19475
10044
89009
23104
91233
70307
639
85608
72918
85465
59384
19478
75234
75428
17902
74446
52875
38046
5962
82143
94519
56181
71208
55564
50006
62453
63089
3546
471
96389
17529
53105
53961
4961
4776
97059
15685
90576
8089
2804
22920
82294
12078
82996
89231
25617
72592
74941
4116
81616
90563
71109
3093
87362
4503
61650
16644
3903
81651
90193
43039
84627
43870
2593
61487
56481
1804
41895
88872
54544
38516
38287
27683
16075
98757
90894
1074
78943
28575
33304
88001
93408
95709
38997
50955
95995
49395
83591
75488
44724
6029
10121
38690
9548
94526
64324
90697
18260
95844
85328
63481
72088
34076
41699
93982
75138
66201
8202
53837
45177
90740
82061
92383
45609
63302
22523
31098
1906
73365
84554
22824
64861
15240
96845
35681
85751
81114
60155
97004
63842
19836
59162
27916
34393
4296
61247
50040
44990
35671
18171
57993
41468
58526
9886
58238
20238
26391
55232
19438
63768
68665
24694
25361
73422
21987
99397
64838
72589
76460
82614
11685
13154
98153
86903
14078
28820
18116
47648
12917
65507
93784
39200
79833
48741
33874
73794
86809
58819
15256
53022
54623
68501
92429
61483
22666
17975
57507
54873
49524
61293
87274
47482
88319
91251
30051
97518
59080
27174
66746
67980
14675
79827
27404
91875
11490
30037
92072
11725
64753
3701
60964
79462
80477
69788
47747
47335
95040
95885
5184
87358
7485
36113
80955
14228
74328
62148
4684
26853
79126
43448
66562
4812
51676
8122
55989
9256
7093
9356
48905
67139
73706
75478
55883
54981
1922
61071
95344
66946
76852
21443
69809
57192
21109
11551
94248
45997
73291
25253
98299
42091
171
90749
38588
20218
41925
43968
12717
58045
62247
55861
51529
38293
71071
58490
72327
90631
13377
72962
22447
44955
54959
74756
43902
32771
77278
28589
30807
45510
44379
54807
99180
67727
96436
41389
47801
46417
58345
9280
34588
54081
37866
16567
9962
75043
25536
38197
7516
53910
40080
24224
53328
34864
16404
64949
78371
22889
23586
35893
90040
66244
24893
60814
46217
55666
38862
63911
86016
13900
28369
27874
5200
41048
78694
30817
99878
20901
42417
38202
18210
99172
46774
56455
62821
37227
87931
3408
10064
78896
64055
94318
62129
99279
52500
67835
83653
25541
56360
16020
52435
85753
55588
19585
69375
80905
31681
47695
71085
37793
15435
83193
64389
84650
3163
87273
15099
4176
96139
65406
59973
29442
97274
94319
71519
27890
59913
31596
23693
15973
26498
21907
41981
83220
429
22930
86946
80519
36335
60113
77189
57407
21408
2755
81046
4718
19423
13997
81306
51634
20748
91876
36732
70421
78143
69148
32399
17250
25147
19790
81735
91523
68427
15298
46145
62783
15057
26543
42012
58530
71067
65844
65404
34981
91306
15536
35269
71354
66396
23884
10472
51803
54128
80089
93458
64301
88643
58064
94321
49013
56094
17789
90538
50948
12473
26136
27497
9804
67488
95961
1981
58688
7125
26814
60900
43803
20978
63584
78974
52553
94533
97522
76733
30727
93754
11558
25842
5595
93020
23607
76767
50704
71320
11279
57903
60421
70667
13627
98052
68698
15032
81853
18813
53879
26779
11361
1601
10283
53069
45912
11275
79394
48741
11502
50695
99098
3314
24307
9039
82281
42773
51841
69058
2486
88238
19820
54270
17512
82596
40772
41245
97825
14573
20352
15358
86073
78592
7027
26413
82667
60358
74831
71038
53107
17254
49994
30510
43771
72119
296
44551
78017
79824
773
51490
82438
90771
91732
93775
43704
51922
7838
76969
93881
50845
38426
45241
86939
18650
28477
49399
61819
73679
28662
10081
84977
77915
79232
89522
15625
44530
88568
76113
88594
75068
40710
30061
12263
5511
53278
92796
43651
41597
33219
26494
40781
48430
83734
11350
21955
56411
74538
46889
15593
57856
78679
4794
37808
3075
70316
10576
5556
92794
28447
38856
97377
39671
58826
14279
5205
61903
6831
54247
9212
98104
16148
31166
16771
13447
83158
2885
32945
47490
14020
40540
1199
47017
39953
55106
98339
8278
64197
31110
38820
64256
37408
33389
75014
41037
84765
39797
10224
1334
7918
40562
15621
36407
60564
54347
44181
67648
57420
30038
9776
83429
82722
73888
89062
56189
82935
11668
16064
11046
58914
31026
95260
15350
80311
8758
11033
10462
18814
5979
41664
11551
7408
34311
78382
94912
50972
23800
33171
35532
81231
97207
88563
46559
61471
84733
84576
55715
53018
54829
10775
16272
38512
83638
10155
87661
15511
49902
38591
51573
67634
13959
77089
93859
54341
86024
42081
48559
80589
82391
86293
56003
5184
42805
69246
52428
30973
82833
79845
37531
15294
11551
11049
35520
63875
82170
72939
21868
71937
83655
99119
61544
24641
53798
78645
27292
84822
72845
4278
18561
63143
19960
5295
26975
70115
3728
17902
38850
48931
94355
93600
49877
17727
75316
88885
46777
3014
17461
87381
91690
89296
24230
40597
93843
18536
27838
81327
25383
61081
8958
38082
7648
20686
35157
37602
48818
96234
84501
72382
68271
6884
48563
40413
28545
57761
86804
74256
45118
96406
77026
16493
80859
77125
23082
672
69947
15902
66052
85038
18753
29516
27302
21465
56449
42854
45125
79847
36064
88482
38231
91486
48950
39460
34512
55920
98592
64062
94530
80215
41291
11153
22042
29564
66534
56929
10096
73121
25946
14262
16914
83862
28797
25527
16272
99883
81796
61179
81144
24869
1439
36518
93092
1844
56053
50050
45345
23260
81178
98782
81840
34553
29672
99971
40228
83908
84031
78305
26096
1502
64830
25213
82665
24690
3177
51860
54050
16581
49137
96197
33479
42731
77281
7209
29291
88766
9957
65075
14432
73353
51276
71158
16499
45971
64918
96112
1638
790
52859
80002
32336
28538
30089
72859
39274
9679
52508
1151
8429
20227
8708
81509
45881
18989
72685
4068
70739
82
74183
65312
10065
11761
25803
76135
70323
98441
36371
70808
88342
48793
51510
43753
40691
98525
92445
21951
15970
11890
57095
14398
23089
6052
65660
33882
24338
25548
4808
38273
3967
94681
35794
86606
8054
39613
65741
92323
77693
61621
91976
29016
918
4751
72133
75021
37824
92940
37723
81303
46304
78130
97801
49642
2966
44493
25826
68975
35085
62854
22345
93698
79143
59264
38115
26705
44379
79398
35276
70834
43833
39757
41069
36509
70616
86631
43154
76685
20740
20073
64945
34921
15986
52835
26358
96287
68362
98807
16116
77016
57933
40056
51157
8441
40592
43461
95158
6914
44787
51451
75727
21252
54740
76062
26266
88978
86410
88191
51466
76421
83945
97584
67376
96061
71001
39560
80475
3575
48588
76602
77486
8821
62860
70099
2436
9205
44150
77387
6084
73571
23176
55719
29659
37658
23111
42865
38855
51260
7284
34604
34229
99854
95477
29397
67200
88043
1218
93139
64051
44224
11132
46367
99430
41011
13090
9792
28713
27218
74505
64828
45260
2940
21655
6499
70848
10667
12454
89566
8053
62202
62555
43410
8075
47888
13054
31954
25539
29987
38250
89737
85977
61188
70323
54000
66996
67764
80410
26563
82206
59892
84563
9446
45944
21603
61906
26034
79969
30448
78569
9808
46237
21629
7978
95465
34817
42231
37615
89380
76885
93441
66795
41001
72068
26915
60081
2885
53650
55482
59420
45357
30074
60112
71826
85898
60958
66625
72057
21817
18571
64183
93128
26137
94236
11794
92398
89292
56714
62520
50359
63170
24939
35764
60691
94594
3542
21933
54235
32679
29415
25335
90085
44489
72465
82923
26290
6482
33567
4506
86379
14457
7746
24587
61062
44595
20050
36713
28390
34632
96786
46089
82238
62177
47732
19550
15568
88324
56339
57602
66739
42339
38055
34408
21070
90918
20784
59049
1247
62073
30811
87678
77220
29486
69419
21949
86780
57180
18574
92149
95521
55056
84838
14944
57971
32168
14938
33655
99633
39198
66765
55389
46526
64447
50381
35586
78908
98188
20697
61077
17952
94562
49585
750
97923
9425
48312
8936
96568
76940
62670
96142
14201
78036
66760
45404
9533
15890
13661
48528
21974
14365
54678
51989
41358
40383
80139
75508
86147
57949
71512
68911
96416
59100
40306
16586
25376
33503
47678
62604
97283
12704
12561
70249
41330
18907
20682
86648
32921
91533
27157
20696
81932
18113
66366
40122
38262
54287
99305
2956
44325
93938
21691
33222
5541
14076
59363
62084
33415
60118
38600
26815
85053
72318
10988
72701
38029
76962
75049
89423
42537
18775
14218
8335
191
96856
1348
64485
58321
88451
82478
76732
28033
17895
24373
34433
50410
18744
47700
20303
12834
7052
73571
61939
4607
66535
64528
45028
20735
16690
57697
30019
8785
27193
79865
71854
83052
14488
41962
25127
30676
26737
77109
35453
41196
79425
30748
9059
84689
33131
54125
86923
60535
55829
60617
63251
53831
84742
57740
64598
97184
99645
26156
35589
27140
25350
36708
3103
78597
247
86310
67681
65618
52326
11005
64909
63662
34715
9068
74442
53146
72850
75570
46368
49259
4584
76885
22892
75939
17329
440
56834
51523
66110
94033
13431
92175
32520
28392
8901
79194
76478
33156
22838
91485
77223
9054
75312
54941
92733
32081
32929
81368
98379
92705
17589
90709
60172
34550
82141
15234
94913
65613
17503
27129
44703
22264
3728
4280
84008
73149
8366
57681
96079
11698
88633
49461
124
81957
50315
8079
84694
80984
15421
81295
85546
68572
26159
47727
15910
92981
30687
82176
11393
79305
27094
86804
24558
28698
10584
58985
62987
92393
12381
18998
49525
2049
54751
80492
53887
92817
36455
95582
42226
57331
54237
11655
46719
30018
8509
13597
14566
28025
91387
16090
35494
17587
47273
711
27177
83543
95344
21860
47232
18109
47460
17520
28920
9293
1001
66707
43847
24492
98479
52173
64146
34490
51953
13979
26047
71892
80642
29519
26989
85682
89206
56582
84699
32439
73854
75308
49276
76865
62432
25271
33809
28294
1200
82345
95789
90396
7988
87338
64346
77905
37391
49482
28570
96250
17533
87394
69517
3846
29281
16797
42332
77514
27868
70316
15458
61908
63031
77480
92518
94656
47810
96510
30720
39459
79684
5148
97795
8795
35614
50685
26379
8502
72403
49443
54095
42955
13966
58786
81353
40664
70992
40037
70924
37898
86931
58284
81302
18393
42097
33344
47498
81515
17198
31576
40421
83519
79890
17983
41617
34398
25614
55911
39039
70653
1244
63990
23986
76807
74703
15934
79085
49794
72324
56506
42553
63858
94598
2597
91286
53530
93278
27561
94312
1572
83139
54970
91924
66979
80502
54031
2016
83437
23285
88654
32816
52473
32405
48685
21965
51094
53253
17773
22262
45797
19035
49486
40920
50593
2862
38987
40385
17618
50623
34923
12464
71131
68295
78581
17722
56438
95281
93881
92008
38501
72622
34170
30839
5204
91505
31941
20872
7506
47174
76027
50214
23544
94670
64144
80867
61837
79457
62571
81744
7080
68623
79121
70570
61484
93919
61161
90129
66326
34562
82651
3801
83243
79512
5774
13153
89131
73449
69189
1093
91190
36969
67382
97899
93525
53426
14508
77988
70049
96005
39898
87762
34752
32192
33442
46506
36792
44284
20235
65690
57660
59362
42274
87917
19340
46573
77740
52021
92117
31397
24539
22515
48909
79857
92281
78951
2873
79283
95701
18759
25734
49608
81273
85178
16620
74388
33846
36572
27027
48396
27961
65725
67066
32441
49926
64376
97796
99804
10338
62998
13929
46287
16263
17529
1463
31543
89559
11904
17473
48331
98189
73967
6252
48805
21475
80277
99656
11685
81847
18942
66458
89009
60854
45303
61437
94815
49126
90339
14429
5991
98533
7785
24251
58904
9861
27616
42889
81212
36925
85918
53696
21482
60938
38689
27933
48306
64230
87080
58068
75300
7075
92279
74874
87196
88118
71332
24796
91509
65159
40757
36588
50592
60421
64743
26860
56385
26213
73297
74635
87118
94340
70428
82295
13009
51145
49259
93543
66949
82580
8397
5877
1418
65567
18623
39450
55078
62499
27515
27775
95764
39654
3269
81787
60163
63095
2715
51884
14801
83961
86191
14365
168
63391
94998
78464
38323
10514
24496
36756
99496
57572
74571
23999
68642
54185
13857
41012
73361
89696
99704
5281
81
38579
3772
30051
24709
36310
71655
35950
82644
43383
84381
91757
88145
37465
48572
65827
94111
21563
34372
16199
66696
93136
58779
48261
95737
93429
83964
63897
3020
65496
85069
19170
55941
75122
93446
43327
50579
64207
45309
59623
50931
28571
62938
35405
52048
16274
24395
37206
56213
96645
68539
13822
99473
87076
41820
9533
83517
81345
56350
34415
42320
39142
16368
10216
55087
95833
29285
73576
56342
23917
1993
38048
72152
3121
57992
5677
41284
3905
27138
47686
54153
35408
78966
76639
7840
92536
23410
96516
56927
44244
31704
99313
45163
35402
60662
6707
26794
13143
26534
56146
91709
30403
43636
25361
7837
5904
80564
9920
54244
54757
29951
79173
83435
4569
54919
92904
28925
29476
27432
45125
79964
42373
72315
49122
31915
48646
14428
17920
18672
34294
17006
42596
28316
41121
89905
56821
70476
43210
69810
92924
3235
90189
25731
37465
49936
4111
64044
69172
31656
18180
41220
87621
49774
43990
68045
27050
52382
35371
94114
43693
15589
61599
70067
60186
72461
69970
26051
64491
86694
82729
6840
10113
49617
59078
62259
18462
21414
52412
6524
35961
83861
94235
68568
73418
79262
96992
58128
67047
91849
5704
78125
28951
52589
78295
17124
98563
86588
23057
25625
94914
95773
66052
3519
77597
97422
16166
82562
22053
20174
88752
47647
83927
12465
65126
40046
93739
62330
19603
84044
6949
99408
19243
68136
65470
73862
42693
1578
24766
14766
58691
72215
8275
77769
19485
49824
92204
29182
71548
46990
63207
1327
51387
19433
83736
62338
53387
27640
90749
60786
85784
99422
96046
75067
94586
20843
86684
55640
22768
18175
30912
27912
82360
29253
85234
86838
17245
94415
10085
37191
36951
74734
21830
1269
45347
41678
74
52440
43149
31800
38979
50949
35239
8526
62504
21010
89548
76840
61974
56979
87028
56951
81375
68549
40367
48227
71885
77498
48153
40553
22648
42823
477
98514
35495
43555
16694
28632
60592
72808
82553
84439
32486
7186
10437
14510
34918
89599
14806
96832
30101
97948
5153
8648
74162
32347
66206
84136
24010
59820
55674
73454
30425
73582
36703
2126
69707
9396
92169
44994
78612
26721
26465
70554
42409
95279
36911
72956
91304
20410
1595
1760
97192
21488
38430
76550
88715
67384
5401
44945
7581
43227
64570
88481
67487
80916
11649
9436
53240
90973
25451
96773
786
74233
67135
89337
49593
90706
12901
73581
58578
53225
59465
80547
29859
56370
54513
39001
87445
38010
30594
55011
52118
91200
16543
15634
82260
31642
2255
96059
25235
13086
92297
94894
88412
20320
944
76561
49184
39311
22049
52506
42863
27426
32850
73984
67047
88899
96565
29633
20229
74687
43512
66016
32518
56172
99432
37314
53884
11406
83720
71682
28337
35025
70036
71559
83159
26804
94643
14215
36869
78417
31083
65855
96176
67041
15874
79060
58890
48072
49406
85171
28590
60931
37125
5809
61264
20489
73433
73880
19401
70622
2407
96806
75559
29241
20562
85248
90288
44824
94313
74604
61220
49802
41875
93178
57673
55406
2236
45335
84105
52985
6129
10623
95691
26599
763
42472
52797
75819
35702
10112
78651
75257
77072
24054
97128
56899
43064
65580
64933
65442
94510
88888
25589
99766
89876
55604
11160
41700
54640
60012
54283
75757
18572
28646
91513
85984
7283
77042
95276
74904
8294
17787
72823
82907
93405
72760
40002
80173
74780
31183
34460
21636
77263
13402
16498
46368
2657
63745
26882
67465
98279
60399
32081
38414
59079
52590
65020
99438
1068
55686
27806
29777
7680
23943
98763
59934
55857
31119
68378
17772
9816
96599
6035
17409
26498
50584
70294
65755
64830
28310
78216
80863
89650
4003
81943
8190
31985
83878
21970
97829
93468
51848
6846
72601
98124
68242
49500
29478
32591
16550
94982
62005
27970
72800
73126
39783
11439
94301
38685
24411
38627
54541
50578
67736
15564
88279
65227
24943
41505
13027
2612
9056
37283
5701
64851
32563
76212
98912
96462
54983
42514
27966
11320
11295
15321
34507
43283
91839
25954
88448
38537
3964
13077
40283
40505
85417
9088
5587
36594
62821
39698
8481
51279
87440
93217
27331
69418
59142
84104
29973
27799
27428
45941
45518
56533
66305
55105
46849
91581
44215
8161
78383
65340
5966
75901
96615
15153
9644
43693
15185
64970
9651
20595
77653
35919
94737
81748
9022
94522
11607
5537
6603
29050
43800
67137
6527
52712
79400
64710
82098
37500
99569
28639
12054
81883
23356
65426
2942
68856
70278
59013
95971
11562
59815
65574
11828
81532
99975
45939
31602
90390
44960
95156
11987
30720
5414
79969
57357
71970
56871
28560
34917
63215
84850
5783
17453
58433
67500
44144
58011
1095
24559
21715
24482
43491
82602
69590
51070
88809
59943
39458
98919
96194
34851
85740
44049
2928
46896
84334
89550
3729
85267
40380
54831
79026
98632
65893
83341
81938
14841
6995
12320
66177
19342
37414
99589
23753
65748
93401
9307
36576
5571
72503
14167
54114
25975
55512
40396
10487
65370
59323
44483
26712
31408
56821
88962
8546
16883
28730
7092
11556
39105
97283
11609
99322
95022
46082
62434
75779
61805
78547
62206
46121
8361
60732
69382
83042
40861
39243
17006
20861
24155
44070
54157
82839
11146
57643
80887
90716
93545
17504
12742
17551
43637
74217
65849
62593
56249
88983
49789
61748
62060
12734
43498
24552
43853
95820
74972
17499
83239
99083
86246
46901
43287
46822
10135
18076
10461
14733
89115
99476
32475
15229
16504
81953
39716
22080
1621
95475
67537
70457
76212
24049
82723
85573
96796
95176
13564
44516
79604
40349
8802
82597
37
52239
85168
84004
47886
37111
32517
36251
34701
8937
15665
52185
59188
46697
91976
58923
19175
28223
34379
80626
45847
94638
82921
75647
5608
71386
11491
7946
69091
58369
76159
65757
74784
54420
76174
82619
99706
61122
27731
76550
41381
40095
90000
15705
95618
52008
73502
82927
21717
83039
43123
18469
17019
45682
41926
39761
78220
65952
92279
92605
12438
45466
52630
94960
37292
16446
83178
68150
3499
68000
37343
82046
91397
79688
13370
15911
93257
63699
25286
32343
83447
73058
99143
21651
76283
88726
83375
70434
16277
68137
14906
30544
72810
26383
26254
95727
16958
63587
44024
9974
5197
95683
2866
40776
3041
41066
48261
80640
51410
72841
6985
31827
70651
53861
91679
33400
40154
10342
33435
65547
12580
24714
68657
32319
77780
65190
46384
4066
73629
5415
44778
32102
80124
38872
88951
67488
39519
36508
7653
27774
91637
85843
24371
43715
41361
4889
31902
51730
83524
4013
1143
31040
65771
46190
39506
93996
83558
91185
58675
45524
16026
98387
56876
43492
15672
38020
57800
40270
27889
20797
88137
95228
46437
51229
30580
15918
19724
40050
97442
26342
65849
12532
37580
71140
82312
8794
10548
51726
56605
66709
26270
31183
725
65884
35507
7215
18344
14964
77490
30180
84691
6177
97587
48583
71774
52920
87303
51597
42996
8310
30248
56549
4464
83024
73477
75141
43720
6373
25633
45686
19376
44214
42983
19437
23810
9831
85778
92801
7281
48539
95192
65069
90618
8143
15718
50411
16644
62458
68087
87584
36929
48341
40984
34324
13547
24058
70808
95050
35789
91518
73503
68511
83506
51416
35097
62843
83435
59969
60317
99821
42825
58981
44983
45375
56064
60504
99473
29627
58360
14107
41294
18052
34163
96294
21621
8052
95883
83083
67752
39938
92268
71504
30726
49534
8836
96323
40399
3477
56868
56620
62000
5135
76609
5158
29182
44059
40073
22362
46024
44500
87543
58097
34926
46998
568
29062
91982
98629
71123
87903
56702
75603
75915
14694
41393
53740
73852
91755
87259
94543
50895
25006
10929
26322
77870
1228
55937
45469
38303
66491
36563
33990
52590
54407
69435
28433
95793
28151
58789
87853
88479
85620
19251
58503
53907
99791
62371
65835
24788
84991
35261
39806
37148
66505
39223
79387
52791
61841
77096
55325
95230
19254
94980
55078
91972
49623
84050
69315
4162
36260
80767
99671
21071
92529
66727
51529
9048
33827
24144
10102
11897
66714
95232
97099
6036
35304
66811
14781
66006
95699
26021
49681
241
10546
94890
84598
2292
89288
24761
90807
28513
13446
70648
542
62098
34319
99726
28232
99324
38466
32004
64205
40056
5873
3721
6743
48646
10881
69376
87561
66989
30955
97807
30261
41020
57985
70237
3456
56701
75380
96066
97570
45118
95277
15285
85077
43377
72193
11983
72804
8324
7754
69827
75128
31836
28203
70079
4020
63521
61789
61696
19130
50703
46797
29516
63665
53947
70386
26485
89247
1305
45254
20788
692
18243
61998
63969
92998
11989
5534
13449
54910
32918
78752
67156
33736
85740
14511
93410
39732
23588
31276
14515
10765
89059
71300
6512
15860
85784
27720
55542
92365
88435
47422
81809
55648
84527
8275
33509
28981
66269
58500
59728
66928
13275
10238
66453
89174
22119
81621
45400
31521
38657
59184
21282
77447
45076
45877
23000
44611
66246
51652
13893
48195
78058
59944
65080
42904
20190
39948
44664
6432
68195
58088
98442
65559
43458
35436
21393
76105
19436
5902
61104
25828
56468
22876
32155
12361
13276
3273
26210
72626
46074
49665
8678
2127
23868
90786
56268
1009
14593
25751
84695
87436
23337
20738
52225
3752
50888
43239
88336
85918
41988
73118
13077
83548
71805
32416
14439
2366
10476
53581
97385
93867
57557
43350
49999
95379
61349
30917
99666
32188
93017
85208
47780
46449
77296
78849
23349
48614
64569
52860
39378
67686
98357
45713
15662
57649
907
66936
56764
31422
73629
54123
14902
6751
61532
33368
63385
12496
14036
15637
86747
33792
70646
96266
20399
78502
62255
29984
25129
5670
74257
83619
84261
6859
5349
84975
81425
2153
44873
3934
39728
14546
26337
28697
81612
46679
38397
97579
17134
57175
41170
87091
69083
11900
70855
96484
39375
55045
22848
49846
98419
11465
16508
76519
35070
1885
24361
68098
95696
35601
88259
96443
36320
20691
78035
9849
28681
76118
83962
78600
93997
75317
78249
25221
82246
92419
4768
58364
55602
22801
59798
35328
97297
68146
36978
49127
30415
55034
56051
64863
96755
44706
32206
8607
8156
94791
31717
90726
52497
96152
1537
37264
37960
18363
52417
56320
9671
54028
33734
83420
73669
88788
28388
95368
55748
73006
60042
61038
78962
20855
2110
43432
31880
31536
26104
57729
887
43847
56565
1108
42865
65606
14312
64308
28515
94130
36825
68973
27468
49633
77399
60190
46029
85059
87637
83893
50902
55242
48459
65394
9660
1468
14689
63128
67478
22785
52254
20382
78140
58140
44756
68953
79874
39544
9085
36304
76004
97483
64537
88618
2552
21530
21432
22049
81201
41573
86716
83834
82688
30472
95908
3983
31898
62795
2665
93057
22367
15490
97156
15968
55902
38463
11290
59588
85586
50927
3338
96325
17021
31079
80444
90800
74814
26100
32572
46203
80899
51209
20592
37962
43132
67672
97131
98235
17284
20738
33160
15209
42334
81192
54700
26447
81711
74728
79910
64078
5763
43043
92761
91272
34029
34318
25448
62684
11435
63021
42845
18429
40219
76190
6741
56757
52126
47048
78659
74153
80485
29259
40676
14592
93940
17268
69518
37992
70212
94685
89822
11086
24399
83583
94072
8629
18738
63365
43278
24142
37870
73305
99931
15240
27262
98092
50761
59323
45554
22383
6333
83030
24306
20664
5627
86794
12536
11664
5921
35454
74323
13926
88846
76914
11980
18573
82466
94638
69703
22557
95364
24988
65257
83077
94375
54429
14408
12433
48961
96972
39886
5652
9854
3638
83316
67953
18541
9667
63285
62967
1640
18517
84805
96659
15109
76597
76111
31056
57329
41702
85146
6333
15917
62759
40503
55110
87496
62388
28160
79391
97383
63437
47704
20085
60853
41239
16265
75600
91167
67268
24598
8513
52084
15742
64788
67435
74724
43133
61404
25790
14922
84473
63129
73040
13901
36261
40201
30753
30313
1670
86473
21574
40148
46489
46644
86450
82851
16414
50377
88535
89714
48151
1425
53193
35451
70632
46250
38576
26493
45867
99744
4525
76880
28952
18035
42318
43250
23201
46348
97836
87954
9191
71841
6993
20004
57150
12269
97982
7434
97937
31630
90810
33544
26376
68359
1533
32209
64788
21964
33719
71370
4784
76052
57193
47668
43546
3432
63052
35301
14271
77643
39884
61061
21454
71505
72095
28107
52558
36469
24344
58106
11075
77446
25389
13180
50342
15539
10604
68956
44714
63081
86520
27480
96966
40670
53367
83880
108
12112
80782
47107
40048
5619
9195
50029
50189
68587
72026
90784
5005
38040
69492
10237
82105
94159
90913
47068
31533
84931
61029
59314
46488
67746
27059
95884
46475
45928
47051
1985
83810
79041
40531
17920
81963
15761
92184
36749
52870
33639
79375
32069
31330
10593
91798
7621
33204
63112
32826
24491
45408
31728
56850
86145
59762
99221
68347
72298
58412
47103
55685
32026
67564
95526
34532
21602
59341
20389
79329
89571
24378
51619
15909
96726
92239
57362
20252
88408
28031
14317
56697
11851
51051
89721
39863
10471
63803
43628
53721
43230
66920
71517
72153
74666
79867
62455
85792
39388
46869
53271
60289
49686
61008
8723
44330
46827
2583
11990
22036
79882
18368
30506
76618
71753
5900
61500
56968
49741
26473
83381
24658
67068
62227
38919
85515
73505
30399
71338
1012
61800
9036
72602
86108
51559
40816
64691
54760
39379
77914
54528
53427
84829
46071
47988
76976
35515
94069
75786
41945
60443
73463
2734
83214
57596
25540
62476
38965
41944
5095
95214
74755
90099
45844
14696
40534
85732
92820
54071
65263
52602
24823
8582
55377
90763
45357
11477
45882
59345
26780
29356
1071
13150
20798
59654
86629
77531
40101
36391
86158
55747
94406
15491
60325
71263
27210
72571
81564
33414
90293
75304
70633
62647
13530
48088
2598
82548
30685
38067
95474
33878
59422
8575
12808
23452
98782
86037
80787
64264
45412
74985
20977
34695
60550
79633
90275
77627
56920
92472
78665
52477
39416
11177
23342
56263
47570
65506
99239
79838
34000
33528
70602
1539
91279
59505
64372
86430
14928
39949
88462
66666
38351
79352
7454
73658
31498
71726
15713
36872
58845
49134
57747
15252
83341
41805
40595
98829
78263
16694
31295
49750
66907
85454
95484
90469
96076
87594
60700
53920
66285
43788
13377
89165
72564
52921
58416
41247
8552
52468
41251
92738
9174
54638
13853
20918
53901
16475
17610
26082
52018
74389
97974
38644
7851
85400
5834
12603
20106
73682
30544
43342
71380
50980
63016
96191
42435
80004
99919
47933
72110
2722
53905
67301
79596
22201
50900
53115
50394
82973
7063
86589
15115
42376
62946
18595
34669
13080
5293
77713
33414
316
47855
62006
38900
35318
22389
10782
5473
77136
11023
56901
65210
17012
69190
63161
25463
2546
24767
98036
621
4950
29041
38488
93326
4152
91802
27902
43148
34989
30968
99225
13917
87239
71752
35876
3136
65283
31010
36538
83898
9486
23190
26611
84068
44887
90126
93209
54525
87429
14878
45672
4330
91333
26362
6313
93137
6524
16223
43984
52749
37448
81441
86216
39607
42209
35480
17363
9998
16219
71662
30249
74041
92655
79846
30578
4174
14783
92402
46529
95978
17516
16752
53790
55515
13202
2053
61516
22506
29267
87443
54152
32399
97159
2419
50831
34719
56522
84803
36288
19079
95861
10487
10374
80214
80914
34646
9188
20888
25897
99619
40607
41895
96277
40102
94690
88392
47450
20103
86563
97187
39536
43672
81089
85202
74637
98096
39789
18681
45162
43011
46304
13435
93396
86244
29
8715
51557
54910
57480
79251
44579
20374
49314
53166
13941
224
99587
86661
15572
71826
73266
57535
2018
22701
34663
78805
77891
36013
53608
41509
50992
31804
25596
74503
7360
52375
63134
22533
20478
1750
24760
16996
63110
50777
14909
7044
23871
34008
6492
53280
58032
30759
15814
66416
97514
37898
15814
17818
61438
8304
33860
69648
34836
13607
8482
53663
14215
74368
99101
70833
57769
69409
51717
84208
81242
52350
52514
2322
86109
75204
15486
45464
89530
82459
33759
83603
40085
39507
77548
38977
4270
43443
30340
10905
78877
39415
27443
44545
30648
87594
34018
876
53231
71810
91965
81455
13580
14502
9090
14604
50155
2904
47253
97851
34197
13281
90546
30884
23945
69771
44733
43800
47574
93227
12291
29808
7705
87984
5948
44601
96014
73618
20887
64214
56022
9189
7127
17701
90036
74435
71362
29491
51453
30005
16844
23248
9394
83907
71527
33377
73673
75908
63220
73534
15348
58346
60735
9197
69213
58237
99449
98502
870
20175
21371
37993
95366
64357
17745
8133
76166
52049
52849
17328
63718
2580
37684
70973
60173
14244
546
98131
91758
16713
53142
17868
15928
99672
54456
11414
48413
74691
73522
46578
45140
54925
3939
84883
20058
43950
65986
88157
1418
22495
30099
14653
58474
79061
34709
52649
79145
72976
71743
99110
39162
56972
95281
30356
43725
34915
97323
93560
43796
59178
85702
17219
88097
35837
25272
88671
91493
29037
63070
19783
82735
22645
68407
45027
6439
9038
79745
43064
99075
6698
65489
31974
53182
96716
38943
45557
83540
53697
29509
15189
47021
27307
2557
39049
84537
35516
36317
36914
21323
95171
2132
35972
6158
74727
34724
42871
65372
5131
65337
48408
35366
7234
16250
20139
49076
3139
81524
88810
11692
16000
69801
92207
14873
64399
67397
7971
38864
14666
85414
34531
50799
38193
33555
31930
49937
16527
38260
58324
7117
9034
47815
54655
89611
25032
28188
90734
89594
51135
65850
61921
86974
47479
30364
1258
3799
41480
87450
59135
52821
43999
86791
30955
38842
60121
86978
59805
86555
64094
58351
13940
16005
45127
59069
49308
41353
95198
19615
49279
10979
99010
14595
9381
27687
96046
38832
82689
409
47484
13493
78597
53469
48554
99544
663
52172
2710
81710
68722
12633
11613
80055
81682
11890
63218
25894
83191
21983
51018
25250
1850
57915
19802
37323
8574
89198
5717
38092
82826
96679
10030
17176
48360
90502
32737
15944
73908
88461
51369
65004
80556
50326
48515
24502
68096
74603
63642
42913
97714
72585
42130
72678
79281
93370
83057
89251
86967
9107
84748
11466
41557
98665
81871
27682
96264
53260
50116
9047
34991
90420
53103
13533
45246
80195
5822
55763
3976
80687
67689
40554
32091
24597
33876
92072
26336
21384
92492
87729
75373
4384
94460
87504
60494
49391
90021
78723
99639
17744
98946
85192
93575
54254
29455
74142
11722
60096
12418
99821
61446
71362
74834
91289
91196
6155
88609
42524
76977
30716
38197
31580
5115
2704
46195
86177
86188
64909
89553
85608
12315
60353
71648
3367
76750
12480
44272
59402
60378
56822
93353
74494
65104
32566
53040
10135
31258
82078
27084
26834
69138
3045
88356
75980
55319
21649
32185
92206
47618
36302
99593
28856
79176
90404
71204
53540
81148
17556
83325
42755
28198
31908
66669
52830
49411
70682
6137
7283
60219
22450
77060
83317
26158
4186
71013
80683
81506
93732
39113
82077
56744
12893
92253
12612
1893
45085
13491
37103
10991
79553
68695
19063
70159
20027
49124
58381
29452
38466
36669
55092
98033
77120
28035
90161
5052
6066
32981
61013
60896
10462
88292
76625
17724
79849
24546
83184
25664
12034
18275
38820
14979
43506
91696
77045
91767
58582
17059
61369
93074
84931
64664
78570
30625
85183
23866
85756
49936
72535
40371
71089
77105
86681
63762
45859
2009
12003
97790
67848
10582
92566
91928
79679
28681
80748
62422
4416
39788
34555
98859
81881
99013
24982
29807
93063
18820
94921
17673
67459
14665
5920
11196
3405
37673
8480
32874
4267
33700
50190
30586
46662
24471
34354
95546
8526
56399
55372
28392
65249
67463
90199
10311
99376
65696
55195
48741
42263
99157
74992
3739
41029
20442
20990
98414
3915
67667
33561
26410
82652
81780
59284
51089
51317
11736
14937
54862
87767
38474
73198
30804
88345
81074
21294
11452
6362
58280
91139
85680
31908
28292
59835
79127
84185
93302
38876
18026
29085
37805
6526
20568
40198
45578
2955
22320
33596
82886
46344
52577
22099
96762
2707
13312
67518
84306
856
35199
30004
60265
9254
1220
62556
94748
6035
51875
99654
92007
61950
81594
39034
74342
27748
19037
2073
77452
15040
47828
66223
12205
508
3275
44938
40607
644
30612
54572
92205
65447
20518
67468
89935
88595
78171
75182
63786
89224
99244
78567
40099
12313
57852
51936
79255
91178
36606
9183
72870
6498
69472
21849
85803
4528
16174
7063
86039
52042
89510
69462
30965
3865
36488
97809
71754
9331
56134
17864
73560
47224
56220
62607
55690
198
6792
8099
40764
42642
42147
4376
93082
24728
25060
17807
43984
34292
2587
60053
6048
70544
70333
91667
14446
49677
74187
62231
75151
62562
8927
28755
28383
62623
85530
72115
97481
98633
33423
37853
23614
88136
55375
54544
71244
51513
57483
77146
46073
17358
6803
84641
97715
90955
7755
5156
30965
67126
37851
54262
4169
5195
55238
41800
10292
13565
89315
75873
48417
17996
89443
47070
23662
38257
52379
59819
55585
25804
80848
68679
28097
76607
48690
26530
97785
98488
69374
21237
43474
77745
34061
27928
7197
1064
13541
48608
84548
28379
74233
54836
78399
20470
51926
84028
55882
92022
61093
40059
91100
84242
17201
31321
95247
50577
87134
44745
45878
12061
430
28721
77773
1688
91338
85039
26926
25672
45151
92488
85922
71981
81989
92482
61184
2082
41765
76539
31285
55892
12462
19118
48479
91328
52055
16222
683
26962
71981
985
26511
27604
36093
43015
62827
86200
13016
9117
94768
26771
87463
53850
57266
75592
57406
77316
70247
38073
90054
30872
63346
1616
89370
76694
83372
12251
76201
92643
29785
85618
71131
91956
72542
12971
44920
32341
55078
5173
56855
470
11374
64670
31418
54689
33941
88629
