63620
32759
23921
43933
40224
80521
21398
56517
4825
37323
29378
82179
13814
31703
78882
37571
16826
46136
43720
45850
44773
21701
87718
27186
72998
25058
32141
55882
10737
81632
36373
61110
61395
77329
65196
79674
67123
390
13286
79979
23129
31017
39003
7439
83823
75331
71894
40593
8153
63594
31235
10775
71414
8603
22588
28112
20303
886
69239
51566
15196
37340
37935
29496
71981
17949
28336
9583
40999
96201
69067
9162
5455
92127
57667
66294
11262
67527
42262
84042
30146
17474
53987
41971
12357
40902
42456
46927
77902
70321
44474
60204
25403
97528
27322
91922
86639
95254
1606
63984
94324
31637
58036
78558
92809
87754
88838
71913
13269
69279
45085
29958
4481
93402
43652
72576
24085
11197
68640
92350
84310
22525
76455
89183
97934
84802
56927
27942
21136
1339
30033
14208
20905
12836
49084
85556
3284
7056
57601
8265
38065
28219
4305
27503
2691
37671
71189
63090
64256
19092
32648
42883
45920
72138
402
77478
73011
34232
20282
9775
12405
88323
39169
77279
68419
44518
18235
55387
96252
47775
16455
61827
30206
24066
8011
22097
64155
64546
25103
28498
71681
16038
91656
42527
89232
50333
72593
8449
42216
82761
6093
94799
32246
11667
88204
88790
32523
52577
25594
31528
95750
51799
96663
80499
89221
58582
24728
93847
96382
77921
29177
75659
45642
60548
5588
50164
65975
53609
91442
56968
81842
20190
6716
75652
82666
90393
27045
23764
51751
90803
98537
50433
90188
32368
22669
44436
38420
74105
53223
70403
18131
93024
3480
56391
62734
58982
25116
72835
31541
27520
5336
57004
85279
46492
27418
5400
95737
81564
79419
91726
47812
77721
37280
55332
64377
92084
73488
81245
88370
69110
20046
26852
35333
96120
26911
70145
61452
21851
96289
28436
90241
15720
80401
67811
10347
86082
87944
51474
66383
6708
92245
59118
54016
45482
76629
8257
36149
61153
13595
42076
29588
78827
63033
51193
35023
70824
40545
39259
35473
85235
39049
56486
77082
62084
76487
48642
63397
18297
73613
70246
80991
84198
99584
13610
57726
5303
48660
26208
30624
79410
49237
85724
22152
20857
62534
97747
43724
26958
97587
22241
72457
42436
78945
30245
51916
6210
44374
47379
69556
33984
85265
81372
21623
46033
57738
54972
55774
1546
48378
65027
70258
70958
72738
74482
18531
71373
40834
72752
98765
45027
32365
77480
10033
54432
82654
94900
66414
71381
79237
99947
81643
95776
14197
4475
33624
90295
65073
76842
49344
37092
88208
84012
7521
42342
91168
93383
29508
4857
17493
9324
40240
82258
45642
17840
88358
28239
2030
81115
53173
79948
14078
22674
52976
58095
6048
80759
61122
27432
22325
67207
76875
80178
64957
68662
4519
94078
34836
4107
37575
55201
53910
16911
97604
76644
46350
84908
82887
7049
13784
34811
29417
82838
70859
33525
14802
6178
5509
91384
23012
97821
45073
56744
29131
84458
35672
13050
89129
88515
67538
37812
38928
47591
51612
11460
82533
85403
64093
34947
73226
97295
8062
26146
39853
93490
78487
8170
60421
50712
62482
94804
14034
23783
70080
16314
64322
80984
80304
15570
40641
98780
56491
81243
12147
61306
60652
67564
87044
95888
72078
95448
52595
2554
78465
22935
42205
7957
14194
58109
92100
74288
92940
86695
63565
90276
20180
24566
64448
69313
3651
84031
95632
25048
15501
24294
77848
51952
43914
73302
46689
66633
54469
61623
35460
40272
55111
86204
65
74587
20690
29354
48754
95246
99718
27393
34421
1847
14606
74327
54215
27637
55835
76826
47835
92589
53937
16926
7500
56019
13483
68185
319
39821
39288
91024
86602
80865
23066
35421
85863
31515
23982
26555
28139
50792
14725
87182
31060
30739
31564
51572
37323
31860
17005
66233
37497
54750
78437
61442
9689
94764
32680
87760
64516
13377
29182
70161
55063
63824
67901
49591
71035
74956
32468
95852
73962
34555
94708
92010
73819
20781
34150
38839
43289
47187
25580
88571
18557
45080
8165
38704
96864
21381
93268
84917
13307
12108
38133
12124
855
9588
80879
63008
60575
86243
30198
93126
76951
44926
86008
60844
50163
27808
37529
67946
56789
52625
24324
59468
57358
64268
63071
60491
44219
48093
96877
13597
86075
35997
51888
13494
95573
46508
31631
87638
13246
6194
15921
97048
56059
53995
12002
82125
54807
71451
17163
30950
40242
94576
11807
35723
19552
44640
66385
88837
51202
66355
46327
49780
54369
88867
714
27046
71139
35511
10796
43723
74185
31368
83996
92454
60067
14936
94379
99811
68525
4928
93685
61364
264
88768
26191
58863
96801
91107
83459
46423
48722
48426
19632
54740
31790
71856
2712
18187
63295
30454
72095
82821
3331
9578
23427
74810
29614
24249
64434
75246
45791
98762
75404
18048
9573
76374
39633
17297
72105
42083
25943
99284
67900
22903
49409
1419
92881
15251
21290
8884
86044
44805
69955
90263
89715
23273
7440
71888
2901
21839
60260
11778
84509
88295
26673
25176
26814
96971
73058
27827
31917
55052
22949
13916
69900
46804
42969
88485
30530
61253
31437
1321
51270
85148
53399
32651
68145
10577
17821
33461
44148
24707
46546
27430
35377
99921
52126
19928
6868
5943
85075
22027
84896
8779
7114
24022
88251
68536
83742
70995
16924
46923
77845
90765
31293
23330
17927
93004
30610
70428
72736
1864
25341
94458
60124
69859
52547
22251
56206
3248
83680
51845
12409
79892
98128
39581
76702
53918
32665
10810
89665
22574
11784
17899
66002
93939
98961
51917
63361
4745
15679
47328
20504
37395
19890
20054
59049
93226
91251
93072
79772
68701
90864
33872
11930
52621
43796
74368
11342
11873
81740
31451
87028
58748
6083
90446
42568
10312
57663
64639
51144
33816
58875
75704
76682
90431
91883
52509
99717
17107
82519
59832
57044
3840
55464
77724
83972
42170
87200
87215
9234
28461
30610
65037
72229
84967
55222
61002
50612
20928
91744
35010
93629
7489
21676
10190
17328
451
14142
79875
73860
34027
1822
36182
39884
95727
83263
2216
25542
99064
2402
35284
12750
7145
26705
28544
44437
84712
3411
95578
54860
45975
10816
95753
19958
8419
44926
13498
92299
73940
60231
62015
52524
88299
59346
94895
33535
93503
83487
33380
86981
69876
56527
49393
14545
73500
14454
85521
85582
61279
21271
6840
74873
65969
46052
34635
60484
99471
37627
75249
9302
91321
15070
92193
88083
75266
48562
91369
9709
85348
67071
7012
76693
3965
